world: e82127ee-f719-45b2-a742-2e748eb74bcf
world-name: world
x: 1337.9878929876472
y: 78.0
z: -52.93467072063291
yaw: -90.448974609375
pitch: 5.700229644775391
name: bee
lastowner: 3091c263-108f-3fae-88ec-e7aab533e940
