world: e82127ee-f719-45b2-a742-2e748eb74bcf
world-name: world
x: 697.4990575727829
y: 179.0
z: 1195.258407352632
yaw: 178.9452362060547
pitch: 42.14998245239258
name: creeper
lastowner: 3091c263-108f-3fae-88ec-e7aab533e940
