world: c3416d3c-68ac-473d-8afc-31f5f3616d3d
world-name: world
x: 617.9007922209767
y: 36.575345559490394
z: 1761.6913854979555
yaw: -169.34934997558594
pitch: -3.450061559677124
name: end
lastowner: 3091c263-108f-3fae-88ec-e7aab533e940
