world: 0052565b-ff9c-414a-a36a-61140add9682
world-name: world_nether
x: -11571.763195568716
y: 53.0
z: -3690.9450307216534
yaw: 84.58160400390625
pitch: 14.399589538574219
name: fortress
lastowner: 3091c263-108f-3fae-88ec-e7aab533e940
