world: d1c0ec31-6d9d-495a-a253-c0acc10d93cb
world-name: world_nether
x: -311.14405057780033
y: 53.0
z: 584.4521834941158
yaw: -94.35078430175781
pitch: 10.050005912780762
name: fortress2
lastowner: 3091c263-108f-3fae-88ec-e7aab533e940
