world: 0052565b-ff9c-414a-a36a-61140add9682
world-name: world_nether
x: 151.27802267681773
y: 254.0
z: 53.84302755664812
yaw: -66.623046875
pitch: 42.14996337890625
name: ghastafk
lastowner: 3091c263-108f-3fae-88ec-e7aab533e940
