world: 6570de23-602b-49b1-978a-5b2b7a3c7073
world-name: goldfarm
x: 12.316288911375246
y: 243.0625
z: 15.452932643786934
yaw: -49.649383544921875
pitch: 49.199954986572266
name: gold
lastowner: 3091c263-108f-3fae-88ec-e7aab533e940
