world: 0052565b-ff9c-414a-a36a-61140add9682
world-name: world_nether
x: 85.40657090299977
y: 218.0
z: 89.45985797607162
yaw: 92.69453430175781
pitch: -2.100044012069702
name: hoglinafk
lastowner: 3091c263-108f-3fae-88ec-e7aab533e940
