world: c3416d3c-68ac-473d-8afc-31f5f3616d3d
world-name: world
x: 793.61935903417
y: -54.0
z: 270.46247351511846
yaw: -97.4996337890625
pitch: 1.9498990774154663
name: home
lastowner: 3091c263-108f-3fae-88ec-e7aab533e940
