world: c3416d3c-68ac-473d-8afc-31f5f3616d3d
world-name: world
x: 886.4664848476501
y: 63.0
z: 1144.0727568425466
yaw: -89.40460205078125
pitch: 5.850037097930908
name: iron
lastowner: 3091c263-108f-3fae-88ec-e7aab533e940
