world: e82127ee-f719-45b2-a742-2e748eb74bcf
world-name: world
x: 672.9468961154485
y: 67.12294772879702
z: 2175.55976258098
yaw: 69.29144287109375
pitch: 14.999821662902832
name: on_ocean
lastowner: 3091c263-108f-3fae-88ec-e7aab533e940
