world: 505515ea-26b7-4aa5-a284-4b919b972495
world-name: raid
x: 222.10701627456288
y: 64.0
z: -51.17212124614001
yaw: -16.048452377319336
pitch: 29.549970626831055
name: raidV2
lastowner: 3091c263-108f-3fae-88ec-e7aab533e940
