world: 32ffef71-a24e-4cb9-89e4-0ce3cda491ff
world-name: shulker
x: 1267.6571763786594
y: 79.86948350785987
z: -1131.947719974264
yaw: 87.00016021728516
pitch: 21.600006103515625
name: shulkerfarm
lastowner: 3091c263-108f-3fae-88ec-e7aab533e940
