world: 296ea215-ad66-414d-84d0-7132bc28fcea
world-name: shulker2
x: 94.43098746863099
y: 122.29132897850423
z: -1545.9185247011485
yaw: 119.69979858398438
pitch: 28.35002899169922
name: shulker2
lastowner: 3091c263-108f-3fae-88ec-e7aab533e940
